1970 22 28 0
21 678 1971 22
23 612 165 182
20 31 164 16
155 23 174 183
19 346 309 186
37 21 183 289
309 21 178 616
16 90 472 618
17 61 285 738
95 20 292 739
302 18 358 85
18 144 439 103
20 241 438 377
337 16 441 230
22 124 757 117
402 21 836 83
15 71 1021 17
695 16 769 206
14 110 1362 100
18 97 1526 18
248 16 1464 206
22 205 1691 10
988 16 594 405
25 77 758 335
106 22 780 336
20 59 885 298
557 17 890 299
390 15 1283 352
15 152 1657 213
15 56 957 415
769 13 956 459
20 257 1693 214
0 0 1595 622
0 0 1595 622
18 12 467 787
291 18 467 769
18 244 739 532
208 11 548 534
17 116 617 606
109 17 752 636
16 23 1153 467
15 27 1105 535
72 15 1179 555
15 39 1250 530
121 15 1249 515
16 151 1361 465
15 105 848 694
189 14 857 737
14 61 1036 738
141 15 979 637
15 161 1114 638
12 22 1035 645
471 15 1117 695
0 0 1793 695
19 28 1399 771
17 130 1553 575
79 17 1564 576
84 17 1640 665
17 128 1708 671
56 13 1714 692
21 664 1828 135
32 18 1798 557
28 18 1705 304
26 15 1953 352
31 20 1843 565
21 14 1843 723
363 23 2025 348
22 69 2338 327
20 22 2319 394
18 22 2302 414
17 19 2320 309
21 18 2299 291