        level = [[210, 70, 500, 100],
                 [210, 70, 480, 200],
                 [210, 70, 470, 300],
                 [210, 70, 460, 400],
                 [210, 70, 450, 500],
                 [210, 70, 440, 600],
                 [210, 70, 430, 700],
                 [210, 70, 420, 699],
                 [210, 70, 410, 800],
                 [210, 70, 1500, 1000],
                 [210, 70, 1500, 1100],
                 [210, 70, 1500, 300],
                 [50, 70, 1600, 730],
                 [210, 70, 1800, 300],
                 [210, 70, 2000, 300],
                 [210, 70, 1500, 300],
                 [210, 70, 1500, 300],
                 [210, 70, 1500, 300],
                 [50, 70, 1600, 730],
                 [210, 70, 1800, 300],
                 [210, 70, 2000, 300],
                 ]